0 0.19889322916666666 0.515869140625 0.0234375 0.01708984375
0 0.17236328125 0.649658203125 0.049153645833333336 0.03271484375
0 0.2701822916666667 0.6162109375 0.039713541666666664 0.03515625
0 0.3263346354166667 0.59814453125 0.0244140625 0.037109375
0 0.3614908854166667 0.51025390625 0.019856770833333332 0.021484375
0 0.23209635416666666 0.502685546875 0.016276041666666668 0.01611328125
0 0.21240234375 0.47021484375 0.012044270833333334 0.0107421875
0 0.4817708333333333 0.72119140625 0.036458333333333336 0.04296875
0 0.591796875 0.66259765625 0.047526041666666664 0.052734375
0 0.7005208333333334 0.66943359375 0.044270833333333336 0.0517578125
0 0.7379557291666666 0.67236328125 0.016276041666666668 0.0390625
0 0.6526692708333334 0.624267578125 0.020182291666666668 0.04345703125
0 0.5338541666666666 0.586669921875 0.018880208333333332 0.03662109375
0 0.5110677083333334 0.556396484375 0.011067708333333334 0.02392578125
0 0.6705729166666666 0.50927734375 0.016276041666666668 0.0166015625
0 0.86669921875 0.698974609375 0.055013020833333336 0.05908203125
0 0.9451497395833334 0.68505859375 0.056966145833333336 0.0546875
