0 0.09113060428849902 0.516845703125 0.038011695906432746 0.04345703125
0 0.21215074723846652 0.501953125 0.018843404808317088 0.029296875
0 0.25308641975308643 0.510986328125 0.03443794671864847 0.03369140625
0 0.3055555555555556 0.528564453125 0.03346328784925276 0.03369140625
0 0.3758934372969461 0.525634765625 0.03443794671864847 0.03271484375
0 0.437946718648473 0.523193359375 0.03378817413905133 0.03369140625
0 0.5175438596491229 0.520263671875 0.03378817413905133 0.03369140625
0 0.586582196231319 0.511962890625 0.036062378167641324 0.03564453125
0 0.6478232618583496 0.536376953125 0.03573749187784275 0.03662109375
0 0.700454840805718 0.538818359375 0.03378817413905133 0.03271484375
0 0.7789148797920727 0.576416015625 0.029564652371669914 0.03662109375
0 0.8295971410006497 0.5234375 0.036712150747238464 0.041015625
