0 0.5030864197530864 0.570068359375 0.037361923326835605 0.03466796875
0 0.5937296946068876 0.577392578125 0.025016244314489927 0.02490234375
0 0.6669915529564653 0.573974609375 0.02599090318388564 0.02099609375
0 0.7162118258609487 0.573486328125 0.017218973359324236 0.02587890625
0 0.7584470435347629 0.62548828125 0.036712150747238464 0.041015625
0 0.8232618583495777 0.56298828125 0.02079272254710851 0.0205078125
0 0.8500649772579597 0.593017578125 0.02111760883690708 0.02197265625
0 0.1825860948667966 0.588623046875 0.023391812865497075 0.02392578125
0 0.4314489928525016 0.57666015625 0.016244314489928524 0.0146484375
0 0.5601039636127355 0.567138671875 0.011695906432748537 0.02099609375
