0 0.23697916666666666 0.462158203125 0.022135416666666668 0.04052734375
0 0.4059244791666667 0.593505859375 0.033203125 0.03076171875
0 0.3736979166666667 0.482177734375 0.016927083333333332 0.03271484375
0 0.40478515625 0.380859375 0.029622395833333332 0.0302734375
0 0.5568033854166666 0.529052734375 0.0302734375 0.02099609375
0 0.5146484375 0.72119140625 0.041666666666666664 0.03125
0 0.6533203125 0.63916015625 0.041666666666666664 0.033203125
0 0.60498046875 0.48681640625 0.0302734375 0.0322265625
0 0.7447916666666666 0.44140625 0.039713541666666664 0.037109375
0 0.89599609375 0.525390625 0.0673828125 0.0546875
