0 0.6223196881091618 0.509521484375 0.06075373619233268 0.07177734375
0 0.7178362573099415 0.5263671875 0.03541260558804418 0.0380859375
0 0.619987004548408 0.4215478515625 0.1570695256660169 0.253662109375
0 0.7263287849252761 0.458203125 0.06341455490578297 0.12169921875
0 0.9151039636127356 0.4655322265625 0.04097465886939571 0.089443359375
0 0.6204775828460039 0.8944091796875 0.04682910981156595 0.073310546875
0 0.5936484730344379 0.807900390625 0.03024366471734893 0.120234375
0 0.6170630279402209 0.5491064453125 0.16097141000649773 0.7551171875
0 0.7219363222871994 0.5139208984375 0.07219298245614035 0.3621630859375
0 0.9155912930474334 0.52125 0.0653638726445744 0.3211083984375
