0 0.08365885416666667 0.44384765625 0.026041666666666668 0.025390625
0 0.16927083333333334 0.449462890625 0.016276041666666668 0.02001953125
0 0.18619791666666666 0.48828125 0.029296875 0.0341796875
0 0.2265625 0.41845703125 0.022786458333333332 0.029296875
0 0.2980143229166667 0.42431640625 0.021158854166666668 0.021484375
0 0.3717447916666667 0.375 0.016276041666666668 0.0166015625
0 0.3512369791666667 0.63037109375 0.05859375 0.0390625
0 0.4090169270833333 0.571044921875 0.0185546875 0.04443359375
0 0.4947916666666667 0.544921875 0.044921875 0.0400390625
0 0.6295572916666666 0.69091796875 0.033203125 0.068359375
0 0.53662109375 0.43701171875 0.028971354166666668 0.03125
0 0.9700520833333334 0.659423828125 0.059895833333333336 0.07275390625
0 0.7890625 0.416748046875 0.021484375 0.01806640625
