0 0.11328125 0.582275390625 0.07356770833333333 0.05908203125
0 0.21875 0.517333984375 0.052083333333333336 0.05029296875
0 0.322265625 0.497314453125 0.04296875 0.04150390625
0 0.12841796875 0.41259765625 0.021809895833333332 0.01953125
0 0.2633463541666667 0.421630859375 0.03125 0.02001953125
0 0.3732096354166667 0.39697265625 0.0224609375 0.017578125
0 0.5237630208333334 0.580078125 0.018229166666666668 0.0576171875
0 0.6515299479166666 0.5341796875 0.0537109375 0.0556640625
0 0.7696940104166666 0.52978515625 0.056966145833333336 0.064453125
0 0.9791666666666666 0.517822265625 0.041666666666666664 0.04345703125
0 0.5421549479166666 0.37744140625 0.013997395833333334 0.015625
