0 0.17008463541666666 0.56005859375 0.0595703125 0.04296875
0 0.21175130208333334 0.701904296875 0.043294270833333336 0.04736328125
0 0.2877604166666667 0.50830078125 0.052083333333333336 0.0458984375
0 0.3611653645833333 0.4912109375 0.0400390625 0.0283203125
0 0.4397786458333333 0.481201171875 0.041015625 0.03564453125
0 0.50146484375 0.498779296875 0.0380859375 0.02099609375
0 0.5732421875 0.506591796875 0.030598958333333332 0.04443359375
0 0.5877278645833334 0.712890625 0.0380859375 0.0556640625
0 0.9000651041666666 0.530029296875 0.0390625 0.04443359375
0 0.9580078125 0.579345703125 0.026041666666666668 0.02880859375
