0 0.21695963541666666 0.64306640625 0.028971354166666668 0.029296875
0 0.2578125 0.576171875 0.015625 0.01953125
0 0.73828125 0.804931640625 0.059895833333333336 0.05419921875
0 0.8058268229166666 0.670166015625 0.0361328125 0.03369140625
0 0.7664388020833334 0.60498046875 0.013346354166666666 0.0185546875
0 0.7058919270833334 0.5380859375 0.013346354166666666 0.015625
0 0.5390625 0.527587890625 0.01171875 0.01318359375
0 0.9811197916666666 0.621826171875 0.021484375 0.03564453125
0 0.8541666666666666 0.58447265625 0.013020833333333334 0.013671875
0 0.56689453125 0.574951171875 0.011393229166666666 0.01611328125
0 0.61669921875 0.560791015625 0.015299479166666666 0.01416015625
