0 0.019205729166666668 0.732421875 0.037760416666666664 0.037109375
0 0.12630208333333334 0.591796875 0.018229166666666668 0.0244140625
0 0.17171223958333334 0.59814453125 0.027669270833333332 0.0244140625
0 0.21468098958333334 0.589111328125 0.021809895833333332 0.02099609375
0 0.24967447916666666 0.675537109375 0.017578125 0.02685546875
0 0.2858072916666667 0.68408203125 0.018880208333333332 0.013671875
0 0.31103515625 0.60009765625 0.009440104166666666 0.0185546875
0 0.3349609375 0.568603515625 0.015625 0.02197265625
0 0.2664388020833333 0.607666015625 0.025716145833333332 0.01904296875
0 0.4402669270833333 0.5966796875 0.017252604166666668 0.0185546875
0 0.4820963541666667 0.68115234375 0.017578125 0.0107421875
0 0.4931640625 0.578857421875 0.013671875 0.01708984375
0 0.5152994791666666 0.55810546875 0.016276041666666668 0.0146484375
0 0.5100911458333334 0.64697265625 0.014973958333333334 0.015625
0 0.56640625 0.579833984375 0.013671875 0.01123046875
0 0.5904947916666666 0.57421875 0.016276041666666668 0.0146484375
0 0.6253255208333334 0.57861328125 0.016927083333333332 0.017578125
0 0.6516927083333334 0.575439453125 0.006510416666666667 0.01611328125
0 0.79638671875 0.564453125 0.0224609375 0.0185546875
0 0.74609375 0.57373046875 0.014322916666666666 0.015625
0 0.8033854166666666 0.678466796875 0.018229166666666668 0.02099609375
0 0.85986328125 0.672607421875 0.0283203125 0.03076171875
0 0.8274739583333334 0.582275390625 0.017578125 0.02490234375
0 0.8790690104166666 0.568115234375 0.0205078125 0.02099609375
0 0.9368489583333334 0.57958984375 0.028645833333333332 0.021484375
0 0.95263671875 0.706787109375 0.025065104166666668 0.02978515625
