0 0.8846028645833334 0.564697265625 0.06868489583333333 0.05419921875
0 0.734375 0.477783203125 0.038411458333333336 0.03466796875
0 0.6471354166666666 0.67919921875 0.043619791666666664 0.029296875
0 0.5074869791666666 0.764892578125 0.044921875 0.03173828125
0 0.3986002604166667 0.627685546875 0.0341796875 0.02197265625
0 0.3284505208333333 0.72607421875 0.039713541666666664 0.048828125
0 0.2265625 0.50390625 0.025390625 0.0390625
0 0.4064127604166667 0.421142578125 0.027669270833333332 0.02783203125
0 0.595703125 0.52392578125 0.02734375 0.03125
0 0.5465494791666666 0.56640625 0.033203125 0.0224609375
