0 0.021647135416666668 0.572509765625 0.042643229166666664 0.05419921875
0 0.3103841145833333 0.7529296875 0.0283203125 0.048828125
0 0.4029947916666667 0.819091796875 0.06705729166666667 0.08154296875
0 0.12337239583333333 0.570556640625 0.029947916666666668 0.02294921875
0 0.19514973958333334 0.53564453125 0.0244140625 0.0283203125
0 0.3531901041666667 0.54833984375 0.018880208333333332 0.02734375
0 0.3841145833333333 0.4765625 0.018880208333333332 0.017578125
0 0.4208984375 0.52197265625 0.027994791666666668 0.0302734375
0 0.4910481770833333 0.536865234375 0.028971354166666668 0.03662109375
0 0.6181640625 0.46875 0.020182291666666668 0.0244140625
0 0.5177408854166666 0.454345703125 0.0087890625 0.01513671875
0 0.5397135416666666 0.6787109375 0.017578125 0.0517578125
0 0.6365559895833334 0.4453125 0.013346354166666666 0.0146484375
0 0.68994140625 0.577392578125 0.029622395833333332 0.02294921875
0 0.7120768229166666 0.47412109375 0.0107421875 0.015625
0 0.7384440104166666 0.47021484375 0.013346354166666666 0.021484375
0 0.7830403645833334 0.667236328125 0.056315104166666664 0.05810546875
0 0.5808919270833334 0.844970703125 0.07194010416666667 0.08740234375
0 0.9430338541666666 0.724609375 0.039713541666666664 0.0498046875
