0 0.18815104166666666 0.569091796875 0.054036458333333336 0.03759765625
0 0.22998046875 0.710205078125 0.040690104166666664 0.03857421875
0 0.2967122395833333 0.51904296875 0.0439453125 0.04296875
0 0.373046875 0.5 0.038411458333333336 0.029296875
0 0.4480794270833333 0.490234375 0.041341145833333336 0.0390625
0 0.5081380208333334 0.50830078125 0.035807291666666664 0.0185546875
0 0.57763671875 0.512451171875 0.0263671875 0.03662109375
0 0.5911458333333334 0.71826171875 0.036458333333333336 0.052734375
0 0.90234375 0.537109375 0.038411458333333336 0.0458984375
0 0.9659830729166666 0.57763671875 0.0244140625 0.02734375
