0 0.061197916666666664 0.770263671875 0.06966145833333333 0.05322265625
0 0.24462890625 0.74267578125 0.0556640625 0.04296875
0 0.43798828125 0.769287109375 0.049153645833333336 0.04248046875
0 0.5924479166666666 0.67333984375 0.041015625 0.037109375
0 0.16389973958333334 0.501220703125 0.031575520833333336 0.04052734375
0 0.4169921875 0.4111328125 0.024739583333333332 0.03125
0 0.5071614583333334 0.560791015625 0.033854166666666664 0.02294921875
0 0.7042643229166666 0.463134765625 0.040690104166666664 0.03564453125
0 0.8746744791666666 0.604736328125 0.07291666666666667 0.05419921875
0 0.56103515625 0.5087890625 0.0302734375 0.029296875
0 0.6394856770833334 0.594970703125 0.023763020833333332 0.02587890625
