0 0.15364583333333334 0.7001953125 0.028645833333333332 0.0380859375
0 0.19938151041666666 0.697998046875 0.0341796875 0.03662109375
0 0.26611328125 0.68798828125 0.029622395833333332 0.03125
0 0.3190104166666667 0.67822265625 0.03125 0.03125
0 0.3776041666666667 0.6611328125 0.015625 0.0341796875
0 0.5294596354166666 0.675048828125 0.029622395833333332 0.03369140625
0 0.5862630208333334 0.705322265625 0.028645833333333332 0.03564453125
0 0.6656901041666666 0.675048828125 0.029947916666666668 0.01708984375
0 0.73583984375 0.6845703125 0.015950520833333332 0.017578125
0 0.7565104166666666 0.670166015625 0.029296875 0.03955078125
0 0.8186848958333334 0.687255859375 0.02734375 0.03955078125
0 0.8963216145833334 0.687255859375 0.034830729166666664 0.04248046875
