0 0.224609375 0.50390625 0.022786458333333332 0.04296875
0 0.4033203125 0.4208984375 0.029947916666666668 0.0263671875
0 0.36328125 0.522216796875 0.018229166666666668 0.03662109375
0 0.39697265625 0.63330078125 0.0361328125 0.03125
0 0.3268229166666667 0.73046875 0.035807291666666664 0.04296875
0 0.5066731770833334 0.770751953125 0.044596354166666664 0.03759765625
0 0.6466471354166666 0.6826171875 0.040690104166666664 0.0302734375
0 0.59619140625 0.527099609375 0.031575520833333336 0.03466796875
0 0.5445963541666666 0.572509765625 0.032552083333333336 0.02294921875
0 0.7330729166666666 0.4833984375 0.038411458333333336 0.037109375
0 0.884765625 0.5673828125 0.064453125 0.0546875
