0 0.058430989583333336 0.801513671875 0.055013020833333336 0.06103515625
0 0.29052734375 0.6044921875 0.0283203125 0.0283203125
0 0.3388671875 0.593505859375 0.02734375 0.02783203125
0 0.3914388020833333 0.60498046875 0.0224609375 0.021484375
0 0.4264322916666667 0.573486328125 0.014322916666666666 0.02197265625
0 0.3577473958333333 0.528564453125 0.0078125 0.01025390625
0 0.5478515625 0.529296875 0.0078125 0.0087890625
0 0.6536458333333334 0.52294921875 0.008463541666666666 0.01171875
0 0.6468098958333334 0.66796875 0.026692708333333332 0.0244140625
0 0.7224934895833334 0.6328125 0.027669270833333332 0.0224609375
0 0.7716471354166666 0.608154296875 0.0283203125 0.02587890625
0 0.8660481770833334 0.74755859375 0.054361979166666664 0.056640625
0 0.93017578125 0.5986328125 0.0224609375 0.0283203125
