0 0.072265625 0.645751953125 0.052734375 0.04443359375
0 0.177734375 0.545654296875 0.014322916666666666 0.00927734375
0 0.22281901041666666 0.544677734375 0.025065104166666668 0.03466796875
0 0.27783203125 0.737060546875 0.0166015625 0.04248046875
0 0.4072265625 0.57861328125 0.01953125 0.0234375
0 0.525390625 0.689697265625 0.036458333333333336 0.04833984375
0 0.5657552083333334 0.533935546875 0.0078125 0.00830078125
0 0.4466145833333333 0.5439453125 0.007161458333333333 0.0087890625
0 0.6632486979166666 0.600341796875 0.012044270833333334 0.02099609375
0 0.7722981770833334 0.603271484375 0.019856770833333332 0.02197265625
0 0.82666015625 0.656494140625 0.0576171875 0.07568359375
