0 0.021442495126705652 0.525634765625 0.04158544509421702 0.04443359375
0 0.08170890188434048 0.514892578125 0.023066926575698504 0.02001953125
0 0.1587069525666017 0.589599609375 0.043859649122807015 0.04931640625
0 0.32131254061078623 0.5859375 0.043534762833008445 0.0390625
0 0.4220272904483431 0.500732421875 0.03378817413905133 0.03955078125
0 0.49707602339181284 0.592041015625 0.04483430799220273 0.04931640625
0 0.5497076023391813 0.498046875 0.02664067576348278 0.0283203125
0 0.6359649122807017 0.55322265625 0.04191033138401559 0.048828125
0 0.7512995451591943 0.60986328125 0.04905782975958414 0.0615234375
0 0.8341455490578298 0.529296875 0.03541260558804418 0.037109375
0 0.3425925925925926 0.45703125 0.01916829109811566 0.029296875
0 0.25276153346328784 0.39599609375 0.012345679012345678 0.013671875
