0 0.017578125 0.76611328125 0.034505208333333336 0.037109375
0 0.12825520833333334 0.621337890625 0.020833333333333332 0.02587890625
0 0.17626953125 0.628173828125 0.0302734375 0.02490234375
0 0.21695963541666666 0.62255859375 0.017903645833333332 0.0234375
0 0.24495442708333334 0.7109375 0.025716145833333332 0.0234375
0 0.2643229166666667 0.6396484375 0.0234375 0.021484375
0 0.2892252604166667 0.717529296875 0.023763020833333332 0.01806640625
0 0.3097330729166667 0.633544921875 0.0107421875 0.01611328125
0 0.33544921875 0.6015625 0.015950520833333332 0.0244140625
0 0.4407552083333333 0.63134765625 0.016927083333333332 0.0185546875
0 0.4827473958333333 0.717529296875 0.01953125 0.01416015625
0 0.49365234375 0.615478515625 0.013997395833333334 0.01904296875
0 0.5162760416666666 0.591064453125 0.014322916666666666 0.01513671875
0 0.56640625 0.61474609375 0.013671875 0.0126953125
0 0.5906575520833334 0.608154296875 0.013346354166666666 0.01513671875
0 0.6261393229166666 0.615478515625 0.0146484375 0.02001953125
0 0.65283203125 0.611572265625 0.0087890625 0.01806640625
0 0.7947591145833334 0.602294921875 0.021158854166666668 0.01806640625
0 0.8258463541666666 0.62060546875 0.018229166666666668 0.025390625
0 0.7462565104166666 0.613037109375 0.013346354166666666 0.01708984375
0 0.72265625 0.62890625 0.008463541666666666 0.01953125
0 0.8068033854166666 0.71923828125 0.017903645833333332 0.021484375
0 0.8605143229166666 0.7158203125 0.023111979166666668 0.0283203125
0 0.88134765625 0.609619140625 0.0205078125 0.02294921875
0 0.9404296875 0.622802734375 0.028645833333333332 0.02294921875
0 0.9571940104166666 0.751220703125 0.025716145833333332 0.03076171875
