0 0.2615559895833333 0.6123046875 0.0419921875 0.0390625
0 0.181640625 0.51904296875 0.022786458333333332 0.017578125
0 0.21223958333333334 0.501953125 0.018229166666666668 0.0146484375
0 0.16585286458333334 0.64599609375 0.0478515625 0.03515625
0 0.3209635416666667 0.594482421875 0.031901041666666664 0.03759765625
0 0.2923177083333333 0.524169921875 0.022786458333333332 0.01708984375
0 0.34716796875 0.507080078125 0.017252604166666668 0.02197265625
0 0.4747721354166667 0.70751953125 0.037434895833333336 0.04296875
0 0.5773111979166666 0.64599609375 0.045247395833333336 0.046875
0 0.5177408854166666 0.587158203125 0.013997395833333334 0.03759765625
0 0.6306966145833334 0.607421875 0.019205729166666668 0.0380859375
0 0.6842447916666666 0.65185546875 0.044921875 0.04296875
0 0.8326822916666666 0.6708984375 0.047526041666666664 0.0556640625
0 0.9055989583333334 0.65576171875 0.05078125 0.052734375
0 0.9759114583333334 0.617919921875 0.042317708333333336 0.04931640625
0 0.4803059895833333 0.491943359375 0.019856770833333332 0.01513671875
0 0.6110026041666666 0.500732421875 0.0078125 0.01806640625
0 0.6471354166666666 0.49658203125 0.007161458333333333 0.015625
