0 0.22998046875 0.5009765625 0.0244140625 0.044921875
0 0.3977864583333333 0.6279296875 0.032552083333333336 0.02734375
0 0.408203125 0.41748046875 0.026692708333333332 0.03125
0 0.5089518229166666 0.765869140625 0.042643229166666664 0.03564453125
0 0.5498046875 0.5673828125 0.032552083333333336 0.0234375
0 0.5997721354166666 0.5263671875 0.032877604166666664 0.0341796875
0 0.6495768229166666 0.680419921875 0.040690104166666664 0.02978515625
0 0.7376302083333334 0.482177734375 0.0390625 0.03955078125
0 0.8880208333333334 0.565185546875 0.06705729166666667 0.06103515625
0 0.3680013020833333 0.519287109375 0.013997395833333334 0.03271484375
