0 0.31630291005291006 0.702286282306163 0.07374338624338625 0.07703777335984095
0 0.2035383597883598 0.5704522862823062 0.042328042328042326 0.054423459244532804
0 0.17592592592592593 0.41128230616302186 0.01488095238095238 0.029324055666003976
0 0.45205026455026454 0.4136431411530815 0.020833333333333332 0.025596421471172963
0 0.49677579365079366 0.4802435387673956 0.038525132275132275 0.052435387673956266
0 0.5895337301587301 0.4207256461232604 0.017361111111111112 0.02286282306163022
0 0.6773313492063492 0.5095675944333996 0.047453703703703706 0.062375745526838965
0 0.7951388888888888 0.41376739562624254 0.03141534391534392 0.036779324055666
0 0.8559854497354498 0.3866799204771372 0.0291005291005291 0.02982107355864811
0 0.9578373015873016 0.3956262425447316 0.02447089947089947 0.019880715705765408
0 0.37533068783068785 0.42557157057654077 0.021494708994708994 0.03404572564612326
