0 0.05596891534391534 0.7411779324055666 0.0517526455026455 0.08325049701789264
0 0.26951058201058203 0.7493787276341949 0.10482804232804233 0.060387673956262426
0 0.18253968253968253 0.5577783300198808 0.023478835978835978 0.039512922465208745
0 0.5498511904761905 0.6155566600397614 0.03521825396825397 0.04771371769383698
0 0.6616236772486772 0.7063866799204771 0.06299603174603174 0.05641153081510934
0 0.738260582010582 0.6150596421471173 0.026785714285714284 0.03230616302186879
0 0.7943948412698413 0.61418986083499 0.027281746031746032 0.030566600397614316
0 0.826223544973545 0.5956759443339961 0.021494708994708994 0.024353876739562623
0 0.8973214285714286 0.5595178926441352 0.022156084656084655 0.023111332007952286
0 0.9357638888888888 0.5400099403578529 0.015046296296296295 0.014910536779324055
