0 0.08683333333333333 0.4865 0.03233333333333333 0.0325
0 0.23608333333333334 0.429125 0.0245 0.02975
0 0.281 0.519125 0.042666666666666665 0.03325
0 0.3928333333333333 0.513625 0.03133333333333333 0.03425
0 0.366 0.397625 0.015666666666666666 0.02275
0 0.449 0.417125 0.011666666666666667 0.01975
0 0.4979166666666667 0.43375 0.021833333333333333 0.0235
0 0.64225 0.434375 0.021166666666666667 0.02525
0 0.89 0.530125 0.036333333333333336 0.04025
0 0.8384166666666667 0.467 0.0245 0.0245
0 0.9915 0.55825 0.017 0.0335
0 0.42825 0.364875 0.012166666666666666 0.01525
0 0.3425 0.34875 0.010666666666666666 0.009
0 0.26033333333333336 0.3855 0.007 0.021
