0 0.007962962962962963 0.6108333333333333 0.015185185185185185 0.045
0 0.31796296296296295 0.6716666666666666 0.04259259259259259 0.05
0 0.29388888888888887 0.5386111111111112 0.01888888888888889 0.03388888888888889
0 0.3572222222222222 0.9530555555555555 0.05592592592592593 0.07611111111111112
0 0.46111111111111114 0.6108333333333333 0.035555555555555556 0.058333333333333334
0 0.5903703703703703 0.6091666666666666 0.03925925925925926 0.042777777777777776
0 0.6574074074074074 0.525 0.03333333333333333 0.03777777777777778
0 0.7938888888888889 0.5758333333333333 0.0337037037037037 0.035
0 0.7496296296296296 0.5136111111111111 0.027407407407407408 0.029444444444444443
0 0.9477777777777778 0.5166666666666667 0.025185185185185185 0.03111111111111111
0 0.9205555555555556 0.44722222222222224 0.016666666666666666 0.03
0 0.8211111111111111 0.4311111111111111 0.00962962962962963 0.01888888888888889
0 0.7307407407407407 0.4161111111111111 0.018518518518518517 0.023333333333333334
0 0.5077777777777778 0.42388888888888887 0.016296296296296295 0.022222222222222223
0 0.3907407407407407 0.4275 0.018518518518518517 0.026111111111111113
0 0.34574074074074074 0.48277777777777775 0.01074074074074074 0.03
