0 0.1971409574468085 0.7557270916334662 0.0339095744680851 0.04830677290836653
0 0.13979388297872342 0.6501494023904383 0.02360372340425532 0.023406374501992032
0 0.2822473404255319 0.7719123505976095 0.02925531914893617 0.05976095617529881
0 0.2711103723404255 0.6359561752988048 0.018949468085106384 0.029880478087649404
0 0.3680186170212766 0.6020916334661355 0.024601063829787235 0.0199203187250996
0 0.390625 0.5161852589641435 0.00997340425531915 0.018426294820717132
0 0.4747340425531915 0.547808764940239 0.01928191489361702 0.0249003984063745
0 0.5164561170212766 0.5194223107569721 0.01363031914893617 0.018924302788844622
0 0.3547207446808511 0.5393426294820717 0.012632978723404254 0.0199203187250996
0 0.5457114361702128 0.5535358565737052 0.01961436170212766 0.026394422310756973
0 0.566655585106383 0.5241533864541833 0.01695478723404255 0.02041832669322709
0 0.6092087765957447 0.584910358565737 0.020279255319148936 0.02440239043824701
0 0.6652260638297872 0.5893924302788844 0.022606382978723406 0.02440239043824701
0 0.7544880319148937 0.6127988047808764 0.02360372340425532 0.02838645418326693
0 0.7039561170212766 0.5341135458167331 0.015625 0.015438247011952191
0 0.8018617021276596 0.5883964143426295 0.009308510638297872 0.02041832669322709
0 0.6474401595744681 0.5428286852589641 0.014960106382978724 0.017928286852589643
0 0.6308178191489362 0.4987549800796813 0.008976063829787235 0.01444223107569721
0 0.7337101063829787 0.49352589641434264 0.011303191489361703 0.012948207171314742
0 0.760970744680851 0.4760956175298805 0.011303191489361703 0.010956175298804782
0 0.7027925531914894 0.4409860557768924 0.006648936170212766 0.00846613545816733
0 0.6569148936170213 0.4392430278884462 0.003324468085106383 0.0069721115537848604
0 0.6196808510638298 0.4409860557768924 0.005984042553191489 0.005478087649402391
0 0.629654255319149 0.4362549800796813 0.003324468085106383 0.0049800796812749
0 0.5842752659574468 0.4342629482071713 0.004986702127659575 0.0069721115537848604
0 0.5623337765957447 0.4342629482071713 0.004321808510638298 0.0069721115537848604
0 0.5526928191489362 0.4292828685258964 0.006981382978723404 0.00796812749003984
0 0.5084773936170213 0.46489043824701193 0.010970744680851064 0.01444223107569721
0 0.4913563829787234 0.44845617529880477 0.009308510638297872 0.01045816733067729
0 0.4587765957446808 0.49427290836653387 0.005984042553191489 0.01245019920318725
0 0.4305186170212766 0.4760956175298805 0.00997340425531915 0.01195219123505976
0 0.48587101063829785 0.41060756972111556 0.004321808510638298 0.005478087649402391
0 0.5026595744680851 0.40587649402390436 0.003989361702127659 0.0049800796812749
0 0.520279255319149 0.39691235059760954 0.003989361702127659 0.0049800796812749
0 0.5241023936170213 0.4325199203187251 0.0036569148936170214 0.007470119521912351
