0 0.07005208333333333 0.538671875 0.05503472222222222 0.06953125
0 0.16657986111111112 0.6240885416666667 0.01545138888888889 0.025260416666666667
0 0.21736111111111112 0.6055989583333333 0.02361111111111111 0.03619791666666667
0 0.28324652777777776 0.6131510416666667 0.013368055555555555 0.021614583333333333
0 0.3129340277777778 0.5416666666666666 0.03697916666666667 0.0421875
0 0.38359375 0.6361979166666667 0.016840277777777777 0.022916666666666665
0 0.5365451388888889 0.5240885416666666 0.0421875 0.05130208333333333
0 0.6868055555555556 0.559765625 0.019097222222222224 0.020052083333333335
0 0.9515625 0.51875 0.06041666666666667 0.058333333333333334
0 0.7241319444444444 0.6106770833333334 0.013888888888888888 0.015625
0 0.8152777777777778 0.6108072916666667 0.010416666666666666 0.01171875
0 0.4517361111111111 0.6328125 0.011458333333333333 0.011458333333333333
