0 0.6550621345029239 0.826891447368421 0.030519005847953216 0.033168859649122806
0 0.5932931286549707 0.7520559210526315 0.023574561403508772 0.023300438596491228
0 0.42004751461988304 0.799890350877193 0.023940058479532164 0.02905701754385965
0 0.559484649122807 0.6994243421052632 0.01699561403508772 0.01836622807017544
0 0.5100511695906432 0.6529605263157895 0.016812865497076022 0.01699561403508772
0 0.5381944444444444 0.6369243421052632 0.009868421052631578 0.0200109649122807
0 0.6525036549707602 0.6351425438596491 0.017361111111111112 0.019736842105263157
0 0.605171783625731 0.6455592105263158 0.011513157894736841 0.011513157894736841
0 0.6943530701754386 0.618421052631579 0.014071637426900584 0.015350877192982455
0 0.5341739766081871 0.5550986842105263 0.011330409356725146 0.012609649122807017
0 0.5184576023391813 0.5308388157894737 0.011695906432748537 0.012335526315789474
0 0.4949744152046784 0.5563322368421053 0.011513157894736841 0.011787280701754386
0 0.6545138888888888 0.5015076754385965 0.00712719298245614 0.00849780701754386
0 0.6048976608187134 0.49725877192982454 0.009502923976608187 0.010964912280701754
0 0.5589364035087719 0.5045230263157895 0.010051169590643274 0.01069078947368421
0 0.23044590643274854 0.9602521929824561 0.03545321637426901 0.041666666666666664
