0 0.4650950292397661 0.9676535087719298 0.03508771929824561 0.03673245614035088
0 0.4909539473684211 0.8696546052631579 0.03307748538011696 0.033168859649122806
0 0.5917397660818714 0.7446546052631579 0.025219298245614034 0.027138157894736843
0 0.631578947368421 0.7283442982456141 0.015716374269005847 0.023574561403508772
0 0.5901864035087719 0.6218475877192983 0.02101608187134503 0.02055921052631579
0 0.5295138888888888 0.6773574561403509 0.01516812865497076 0.022478070175438597
0 0.42041301169590645 0.7835800438596491 0.0268640350877193 0.026589912280701754
0 0.5031980994152047 0.7247807017543859 0.017726608187134504 0.0268640350877193
0 0.4664656432748538 0.6632401315789473 0.012609649122807017 0.019462719298245616
0 0.4853801169590643 0.5752467105263158 0.013157894736842105 0.014528508771929825
0 0.5390168128654971 0.5570175438596491 0.01516812865497076 0.017543859649122806
