0 0.7685502283105022 0.5699914383561644 0.0273972602739726 0.03125
0 0.588898401826484 0.5971746575342466 0.02482876712328767 0.03424657534246575
0 0.5154109589041096 0.5483732876712328 0.026255707762557076 0.014554794520547944
0 0.4521974885844749 0.579195205479452 0.027682648401826482 0.032534246575342464
0 0.3986872146118721 0.5813356164383562 0.0273972602739726 0.031678082191780824
0 0.3424657534246575 0.5877568493150684 0.025684931506849314 0.029965753424657533
0 0.2815353881278539 0.5849743150684932 0.027682648401826482 0.027825342465753425
0 0.7656592465753425 0.4289982876712329 0.0283675799086758 0.026053082191780822
0 0.6180251141552511 0.4177097602739726 0.024894406392694066 0.024315068493150682
0 0.510630707762557 0.4289982876712329 0.024315068493150686 0.026053082191780822
0 0.575185502283105 0.45418236301369863 0.023735730593607306 0.024315068493150682
0 0.44868436073059365 0.4441994863013699 0.030105593607305935 0.023446061643835617
0 0.3438955479452055 0.46026113013698633 0.025473744292237446 0.02084332191780822
0 0.28049942922374427 0.4511429794520547 0.02721175799086758 0.025184075342465754
0 0.2836843607305936 0.549708904109589 0.048632990867579905 0.12331763698630137
0 0.34447488584474883 0.5562243150684931 0.04400114155251142 0.11550085616438356
0 0.39773687214611875 0.5510145547945206 0.05789383561643836 0.12592037671232875
0 0.45621004566210044 0.5514469178082192 0.04978881278538813 0.12157962328767123
0 0.5161329908675799 0.53625 0.04805365296803653 0.1172388698630137
0 0.575185502283105 0.5323416095890411 0.04226312785388128 0.07815924657534247
0 0.6264212328767124 0.5236558219178082 0.05905251141552511 0.1198416095890411
0 0.6958961187214612 0.5323416095890411 0.05094748858447489 0.09205051369863014
0 0.7728938356164383 0.5288698630136986 0.054420662100456624 0.1250513698630137
0 0.7911329908675799 0.7173159246575342 0.05268550228310503 0.10421232876712329
0 0.7086329908675799 0.7216566780821918 0.03705194063926941 0.12157962328767123
0 0.6539212328767123 0.760736301369863 0.06889554794520548 0.04168236301369863
0 0.5827111872146119 0.7325128424657534 0.044577625570776255 0.09639554794520548
0 0.5450799086757991 0.7659460616438356 0.023735730593607306 0.0347388698630137
0 0.492685502283105 0.7685530821917808 0.023159246575342466 0.029524828767123288
0 0.47386986301369866 0.760736301369863 0.019103881278538813 0.052106164383561644
0 0.44057933789954334 0.7598672945205479 0.02200057077625571 0.052106164383561644
0 0.4191581050228311 0.7351198630136986 0.024315068493150686 0.09465753424657534
0 0.38673801369863015 0.7381592465753424 0.02084189497716895 0.09552654109589041
0 0.34476312785388125 0.7685530821917808 0.05152682648401827 0.039948630136986296
0 0.3079994292237443 0.7720248287671233 0.019683219178082193 0.03821061643835617
0 0.24923801369863016 0.778103595890411 0.024894406392694066 0.03647260273972603
0 0.7795519406392695 0.5935659246575342 0.0770005707762557 0.35344606164383563
0 0.6984988584474886 0.604422089041096 0.06310502283105023 0.34215753424657536
0 0.6423430365296804 0.5896575342465754 0.08857876712328767 0.3699486301369863
0 0.5777882420091324 0.6113698630136987 0.054420662100456624 0.34563356164383563
0 0.5181592465753425 0.6022517123287671 0.06484303652968036 0.36213184931506853
0 0.4573687214611872 0.6083304794520548 0.04978881278538813 0.35518407534246577
0 0.3997631278538813 0.6105008561643837 0.05847317351598173 0.3595248287671233
0 0.3433162100456621 0.6191823630136987 0.053261986301369864 0.3404195205479452
0 0.2796318493150685 0.6161429794520548 0.07063070776255707 0.3517123287671233
