0 0.45194723618090454 0.6886792452830188 0.032663316582914576 0.038679245283018866
0 0.38929020100502515 0.682311320754717 0.026067839195979898 0.02688679245283019
0 0.8356721105527639 0.513132075471698 0.03923366834170854 0.04026415094339623
0 0.9226413316582914 0.5376839622641509 0.03400125628140704 0.03437264150943396
0 0.4479145728643216 0.5018396226415095 0.03531092964824121 0.029462264150943395
0 0.3890640703517588 0.5671462264150943 0.022233040201005028 0.022589622641509433
0 0.4534736180904522 0.6412924528301887 0.06734924623115578 0.16891509433962265
0 0.3880841708542714 0.6604433962264151 0.051658291457286426 0.10900943396226415
0 0.842537688442211 0.5848254716981132 0.05558103015075377 0.07758490566037736
0 0.5698649497487437 0.6599528301886792 0.033347989949748746 0.07856603773584905
0 0.4449717336683417 0.6781179245283019 0.1432035175879397 0.5077311320754717
0 0.39037374371859296 0.705617924528302 0.04707914572864322 0.29953301886792455
0 0.5708479899497487 0.6962877358490567 0.03269472361809045 0.22391037735849056
0 0.8310961055276382 0.5587971698113208 0.08239007537688442 0.14338207547169812
0 0.4567430904522613 0.8656933962264151 0.05034861809045226 0.12275943396226414
