0 0.4865451388888889 0.6087239583333334 0.051215277777777776 0.05390625
0 0.50390625 0.341796875 0.049479166666666664 0.045572916666666664
0 0.6189236111111112 0.5716145833333334 0.026041666666666668 0.06770833333333333
0 0.49609375 0.892578125 0.030381944444444444 0.07942708333333333
0 0.6163194444444444 0.697265625 0.015625 0.02734375
0 0.6314652777777777 0.6814401041666667 0.009934027777777778 0.02890104166666667
0 0.5325677083333333 0.6925052083333333 0.014451388888888889 0.02303125
0 0.5488246527777778 0.6717317708333332 0.012041666666666666 0.036578125
0 0.4946788194444444 0.6245546875 0.11106597222222223 0.6103515625
0 0.6210989583333334 0.6084322916666667 0.04248090277777778 0.20191406250000002
