0 0.5579337899543378 0.6902825342465754 0.043949771689497714 0.047517123287671235
0 0.3056506849315068 0.5689212328767124 0.025684931506849314 0.03424657534246575
0 0.2120433789954338 0.568707191780822 0.01141552511415525 0.020976027397260275
0 0.06649543378995434 0.6153681506849316 0.0365296803652968 0.03809931506849315
0 0.006421232876712328 0.5575770547945206 0.012271689497716894 0.022688356164383562
0 0.02454337899543379 0.550513698630137 0.011986301369863013 0.0136986301369863
0 0.5494235159817352 0.6554494863013699 0.2784417808219178 0.6315154109589041
0 0.30439212328767123 0.6153124999999999 0.16078481735159816 0.4143321917808219
0 0.05840468036529681 0.6431421232876713 0.11543664383561644 0.42669948630136983
0 0.19685787671232877 0.5715111301369863 0.04741152968036529 0.25663955479452055
0 0.23361872146118723 0.513792808219178 0.030234018264840182 0.11234589041095891
0 0.10994006849315069 0.5663570205479452 0.04122716894977169 0.25457619863013703
0 0.14085901826484018 0.5586258561643835 0.03435502283105023 0.2102568493150685
0 0.9928824200913242 0.5254323630136987 0.014218036529680365 0.06314212328767123
0 0.975736301369863 0.5243878424657534 0.012825342465753424 0.04181934931506849
0 0.9248601598173516 0.526896404109589 0.019794520547945206 0.06021832191780822
0 0.9056221461187215 0.5266866438356164 0.013661529680365296 0.058125
0 0.8798344748858448 0.5289897260273972 0.015054223744292237 0.0577097602739726
0 0.837320205479452 0.526271404109589 0.016446917808219177 0.06398116438356165
0 0.8196175799086758 0.5582619863013698 0.017842465753424658 0.10705051369863014
0 0.7474143835616438 0.5317080479452054 0.018398972602739726 0.058964041095890415
0 0.761212899543379 0.5264811643835616 0.009200913242009133 0.06272688356164384
0 0.7805878995433789 0.5319178082191781 0.012825342465753424 0.06774400684931507
0 0.7691581050228311 0.5335873287671233 0.009477739726027397 0.07108732876712329
0 0.7952254566210045 0.5229238013698629 0.014218036529680365 0.050599315068493154
0 0.7177226027397261 0.5197902397260274 0.013661529680365296 0.04599743150684932
0 0.7299914383561643 0.5333775684931507 0.012545662100456621 0.06230736301369864
0 0.659041095890411 0.5248073630136987 0.014497716894977168 0.06356164383561644
0 0.6329737442922374 0.5298244863013699 0.01310216894977169 0.06523544520547944
0 0.6202882420091324 0.5285702054794521 0.012825342465753424 0.06021832191780822
0 0.6869178082191781 0.5327525684931507 0.012265981735159817 0.06356164383561644
0 0.42528253424657536 0.523972602739726 0.01310216894977169 0.04599743150684932
0 0.41371289954337903 0.5250171232876713 0.010593607305936073 0.06732448630136986
0 0.38095605022831047 0.5494777397260273 0.017562785388127854 0.12461472602739727
0 0.45288242009132423 0.5386044520547946 0.019794520547945206 0.0719263698630137
0 0.29035102739726026 0.42590753424657535 0.026484018264840183 0.023835616438356164
0 0.2371033105022831 0.4637542808219178 0.017006278538812786 0.00836472602739726
0 0.1432933789954338 0.4637542808219178 0.016170091324200914 0.013381849315068493
0 0.5508390410958904 0.41273544520547945 0.04014554794520547 0.04181934931506849
0 0.5053795662100456 0.8840025684931507 0.038087899543378996 0.1653809931506849
0 0.29296803652968034 0.7954537671232877 0.03513698630136986 0.058822773972602736
0 0.3515211187214612 0.6582791095890411 0.01759703196347032 0.01913955479452055
0 0.22569634703196348 0.6536601027397261 0.02287671232876712 0.02573630136986301
0 0.19204052511415523 0.6767551369863014 0.04531392694063927 0.027059075342465752
0 0.145625 0.6454109589041096 0.02199771689497717 0.026395547945205478
0 0.5642380136986301 0.8767166095890412 0.05147545662100457 0.15904109589041096
0 0.35350171232876715 0.8024743150684931 0.05235445205479452 0.04487585616438356
0 0.014957191780821917 0.7015025684931507 0.018478881278538813 0.02903681506849315
0 0.05719463470319635 0.5813955479452055 0.06863299086757992 0.17553938356164384
0 0.11064783105022831 0.522992294520548 0.03651541095890411 0.09964897260273972
0 0.13946632420091323 0.5206849315068492 0.02287671232876712 0.07523116438356164
0 0.23119577625570778 0.522992294520548 0.025956050228310504 0.0600513698630137
0 0.29432933789954335 0.5447731164383561 0.05631278538812785 0.1366053082191781
0 0.3332648401826484 0.5348715753424658 0.026837899543378996 0.0640111301369863
0 0.5499400684931507 0.553681506849315 0.12230593607305937 0.22965325342465753
