0 0.5217447916666667 0.56015625 0.045572916666666664 0.059375
0 0.19244791666666666 0.468359375 0.04114583333333333 0.05
0 0.649609375 0.4525390625 0.03203125 0.036328125
0 0.4947916666666667 0.30598828125 0.045138020833333334 0.05208203125000001
0 0.5850703125 0.33528515625 0.027778645833333334 0.03255078125
0 0.2026901041666667 0.466796875 0.09288281250000001 0.17838671875
0 0.5073776041666667 0.45963671875 0.11371614583333334 0.19791796875
0 0.6453984375 0.43098828125 0.06684114583333334 0.15104296875
0 0.5872395833333334 0.41926953125 0.05121614583333333 0.10416796875
0 0.9110234375 0.41471484375 0.09809114583333334 0.13932421875
0 0.18576302083333335 0.80012890625 0.03472135416666667 0.03776171875
0 0.2452265625 0.75325390625 0.030382812500000002 0.08463671874999999
0 0.9153645833333334 0.79231640625 0.06510416666666667 0.04817578125
0 0.19921875 0.55403515625 0.12760416666666666 0.52994921875
0 0.5086796875 0.50130078125 0.10590364583333334 0.453125
0 0.58984375 0.484375 0.052950520833333334 0.33333203125
0 0.6471354166666666 0.47526171875 0.052950520833333334 0.34114453125
0 0.9032109375 0.54622265625 0.08072916666666667 0.55338671875
