0 0.03107638888888889 0.26653645833333334 0.06180555555555556 0.10859375
0 0.1501736111111111 0.6369791666666667 0.014583333333333334 0.018229166666666668
0 0.12638888888888888 0.6631510416666667 0.017361111111111112 0.015364583333333333
0 0.2111111111111111 0.60390625 0.021180555555555557 0.023958333333333335
0 0.31362847222222223 0.44388020833333336 0.05295138888888889 0.06536458333333334
0 0.41163194444444445 0.5697916666666667 0.034375 0.036458333333333336
0 0.5564236111111112 0.5294270833333333 0.05277777777777778 0.058333333333333334
0 0.6817708333333333 0.610546875 0.019097222222222224 0.020052083333333335
0 0.7819444444444444 0.5072916666666667 0.033680555555555554 0.052083333333333336
0 0.8688368055555555 0.5821614583333333 0.03802083333333333 0.03359375
